0.0	0.7974519230770312
0.0001	0.7974038461539542
0.0002	0.7973557692308773
0.00030000000000000003	0.7972596153847233
0.0004	0.7971634615385694
0.0005	0.7971153846154925
0.0006000000000000001	0.7969711538462616
0.0007	0.7969711538462616
0.0008	0.7969711538462616
0.0009000000000000001	0.7968750000001077
0.001	0.7968269230770307
0.0011	0.7967788461539538
0.0012000000000000001	0.7966346153847229
0.0013000000000000002	0.7966826923077999
0.0014	0.7966826923077999
0.0015	0.796586538461646
0.0016	0.796586538461646
0.0017000000000000001	0.796538461538569
0.0018000000000000002	0.796586538461646
0.0019	0.796586538461646
0.002	0.7964423076924151
0.0021000000000000003	0.7962980769231842
0.0022	0.7960576923077994
0.0023	0.7959134615385686
0.0024000000000000002	0.7958653846154916
0.0025	0.7958653846154916
0.0026000000000000003	0.7958653846154916
0.0027	0.7959134615385686
0.0028	0.7958653846154916
0.0029000000000000002	0.7958653846154916
0.003	0.7958173076924147
0.0031000000000000003	0.7958653846154916
0.0032	0.7958173076924147
0.0033	0.7958173076924147
0.0034000000000000002	0.7958173076924147
0.0035	0.7956730769231838
0.0036000000000000003	0.7956250000001068
0.0037	0.7956250000001068
0.0038	0.7956730769231838
0.0039000000000000003	0.7956730769231838
0.004	0.7146153846154356
0.0041	0.7145673076923587
0.004200000000000001	0.7145192307692817
0.0043	0.7143750000000508
0.0044	0.7143269230769739
0.0045000000000000005	0.7143750000000508
0.0046	0.7143269230769739
0.0047	0.7142788461538969
0.0048000000000000004	0.71423076923082
0.0049	0.71423076923082
0.005	0.71423076923082
0.0051	0.7139903846154352
0.005200000000000001	0.7138461538462043
0.0053	0.7137980769231274
0.0054	0.7138942307692813
0.0055000000000000005	0.7137980769231274
0.0056	0.7137500000000504
0.0057	0.7137019230769734
0.0058000000000000005	0.7137500000000504
0.0059	0.7137019230769734
0.006	0.7137500000000504
0.0061	0.7137019230769734
0.006200000000000001	0.7137980769231274
0.0063	0.7136057692308195
0.0064	0.7136538461538965
0.006500000000000001	0.7136057692308195
0.0066	0.7134134615385117
0.0067	0.7134134615385117
0.0068000000000000005	0.7134615384615887
0.006900000000000001	0.7133653846154347
0.007	0.7133173076923578
0.0071	0.7133173076923578
0.007200000000000001	0.7132211538462039
0.0073	0.7130288461538961
0.0074	0.7129326923077421
0.007500000000000001	0.7128846153846652
0.0076	0.7127884615385113
0.0077	0.7128365384615882
0.0078000000000000005	0.7128365384615882
0.0079	0.6919230769231123
0.008	0.6920192307692662
0.0081	0.6919711538461892
0.0082	0.6918269230769584
0.0083	0.6917307692308045
0.008400000000000001	0.6915865384615736
0.0085	0.6915384615384966
0.0086	0.6915865384615736
0.008700000000000001	0.6913461538461888
0.0088	0.6913461538461888
0.0089	0.6912019230769579
0.009000000000000001	0.691153846153881
0.0091	0.6908173076923423
0.0092	0.6906730769231114
0.009300000000000001	0.6908173076923423
0.0094	0.6908653846154192
0.0095	0.6908653846154192
0.009600000000000001	0.6904807692308036
0.0097	0.6903846153846497
0.0098	0.6903365384615727
0.0099	0.6902403846154188
0.01	0.6903365384615727
0.010100000000000001	0.6903365384615727
0.0102	0.6902884615384958
0.0103	0.6902403846154188
0.010400000000000001	0.690048076923111
0.0105	0.690000000000034
0.0106	0.690000000000034
0.010700000000000001	0.6898557692308032
0.0108	0.6896634615384953
0.0109	0.6896153846154184
0.011000000000000001	0.6895673076923414
0.0111	0.6895192307692645
0.0112	0.6895192307692645
0.011300000000000001	0.6894711538461875
0.0114	0.6893750000000336
0.0115	0.6893269230769566
0.011600000000000001	0.6893750000000336
0.0117	0.6893750000000336
0.0118	0.6644711538461703
0.0119	0.6645192307692472
0.012	0.6644230769230933
0.012100000000000001	0.6643750000000164
0.0122	0.6641346153846316
0.0123	0.6641346153846316
0.012400000000000001	0.6641346153846316
0.0125	0.6639423076923238
0.0126	0.6638942307692468
0.012700000000000001	0.6635096153846312
0.0128	0.6634134615384772
0.0129	0.6633653846154003
0.013000000000000001	0.6633173076923233
0.0131	0.6633173076923233
0.0132	0.6632211538461694
0.013300000000000001	0.6631730769230925
0.0134	0.6629807692307846
0.0135	0.662644230769246
0.013600000000000001	0.662596153846169
0.0137	0.6625000000000151
0.013800000000000002	0.6624519230769381
0.013900000000000001	0.662548076923092
0.014	0.6626923076923229
0.014100000000000001	0.662548076923092
0.0142	0.6625000000000151
0.0143	0.6623076923077073
0.014400000000000001	0.6621634615384764
0.0145	0.6619711538461686
0.0146	0.6615865384615529
0.014700000000000001	0.6616346153846299
0.0148	0.6613942307692451
0.0149	0.6611057692307833
0.015000000000000001	0.6610576923077064
0.0151	0.6608653846153986
0.0152	0.6608173076923216
0.015300000000000001	0.6606730769230907
0.0154	0.6605288461538599
0.0155	0.660336538461552
0.015600000000000001	0.6601442307692442
0.015700000000000002	0.6336538461538413
0.0158	0.6336538461538413
0.0159	0.6332692307692257
0.016	0.6331730769230718
0.0161	0.632932692307687
0.0162	0.6327403846153792
0.016300000000000002	0.6326442307692253
0.0164	0.6320673076923018
0.0165	0.6317307692307631
0.0166	0.6316346153846092
0.0167	0.6315384615384553
0.016800000000000002	0.6309134615384548
0.016900000000000002	0.6304807692307622
0.017	0.6299519230769157
0.0171	0.6291826923076844
0.0172	0.6282211538461453
0.0173	0.6276442307692218
0.017400000000000002	0.6270192307692214
0.0175	0.6267788461538366
0.0176	0.6262019230769131
0.0177	0.6257692307692205
0.0178	0.6246634615384505
0.0179	0.624182692307681
0.018000000000000002	0.6237499999999884
0.0181	0.6229326923076801
0.0182	0.6222596153846027
0.0183	0.6209615384615249
0.0184	0.6200480769230627
0.018500000000000003	0.6195192307692162
0.018600000000000002	0.618605769230754
0.0187	0.6176442307692149
0.0188	0.6173076923076762
0.0189	0.6160576923076754
0.019	0.6148557692307515
0.019100000000000002	0.6139903846153663
0.019200000000000002	0.6124519230769037
0.0193	0.6112499999999798
0.0194	0.6100961538461328
0.0195	0.6086057692307472
0.0196	0.607740384615362
0.019700000000000002	0.5364903846153128
0.0198	0.5346153846153116
0.0199	0.532980769230695
0.02	0.5313461538460785
0.0201	0.529711538461462
0.020200000000000003	0.5285096153845381
0.020300000000000002	0.5272596153845373
0.0204	0.5255769230768438
0.0205	0.5233653846153038
0.0206	0.5217307692306873
0.0207	0.5199999999999169
0.020800000000000003	0.5174999999999151
0.020900000000000002	0.5152884615383752
0.021	0.5136538461537586
0.0211	0.5119711538460652
0.0212	0.5096153846152943
0.0213	0.50778846153837
0.021400000000000002	0.5054807692306761
0.021500000000000002	0.5040384615383674
0.0216	0.5019711538460583
0.0217	0.5004326923075957
0.0218	0.4983653846152885
0.0219	0.4963942307691356
0.022000000000000002	0.49475961538452096
0.0221	0.4925480769229835
0.0222	0.4902884615383692
0.0223	0.48817307692298556
0.0224	0.48600961538452503
0.022500000000000003	0.4833173076922186
0.022600000000000002	0.48124999999991186
0.0227	0.4786057692306823
0.0228	0.4767307692306832
0.0229	0.47466346153837646
0.023	0.47235576923068523
0.023100000000000002	0.4699999999999171
0.023200000000000002	0.46740384615376446
0.0233	0.46543269230761153
0.0234	0.4631730769229972
0.0235	0.46129807692299807
0.0236	0.436153846153779
0.023700000000000002	0.43384615384608777
0.0238	0.43177884615378104
0.0239	0.4297596153845512
0.024	0.4280769230768597
0.0241	0.42610576923070675
0.024200000000000003	0.4232211538460927
0.024300000000000002	0.4204807692307094
0.0244	0.41759615384609533
0.0245	0.4155769230768655
0.0246	0.41302884615378976
0.0247	0.41062499999994473
0.024800000000000003	0.4078846153845614
0.024900000000000002	0.40514423076917805
0.025	0.4034615384614865
0.0251	0.4018269230768719
0.0252	0.3999519230768728
0.0253	0.39798076923071984
0.025400000000000002	0.3956249999999517
0.025500000000000002	0.3937980769230295
0.0256	0.39115384615379994
0.0257	0.3888461538461087
0.0258	0.3862499999999561
0.025900000000000003	0.38427884615380314
0.026000000000000002	0.3824999999999578
0.0261	0.3804326923076511
0.0262	0.37855769230765196
0.0263	0.3761538461538069
0.0264	0.3734615384615005
0.026500000000000003	0.37105769230765545
0.026600000000000002	0.3687499999999642
0.0267	0.3667788461538113
0.0268	0.36514423076919666
0.0269	0.36302884615381303
0.027	0.3609615384615063
0.027100000000000003	0.3591346153845841
0.027200000000000002	0.35721153846150805
0.0273	0.3551923076922782
0.0274	0.353365384615356
0.0275	0.346105769230744
0.027600000000000003	0.34423076923074486
0.027700000000000002	0.34211538461536123
0.027800000000000002	0.3400480769230545
0.0279	0.3385096153845937
0.028	0.33682692307690215
0.0281	0.3350480769230568
0.028200000000000003	0.3336538461538267
0.028300000000000002	0.3329326923076732
0.0284	0.3326923076922887
0.0285	0.3323557692307504
0.0286	0.332067307692289
0.0287	0.3316346153845969
0.028800000000000003	0.33129807692305857
0.028900000000000002	0.33110576923075097
0.029	0.33076923076921266
0.0291	0.33033653846152056
0.0292	0.32999999999998225
0.029300000000000003	0.32966346153844395
0.029400000000000003	0.32942307692305944
0.029500000000000002	0.32918269230767494
0.0296	0.32908653846152114
0.0297	0.32899038461536734
0.0298	0.32899038461536734
0.029900000000000003	0.32884615384613664
0.030000000000000002	0.32860576923075213
0.030100000000000002	0.3283173076922907
0.0302	0.3280769230769062
0.0303	0.3277403846153679
0.0304	0.3274519230769065
0.030500000000000003	0.3274038461538296
0.030600000000000002	0.3273557692307527
0.0307	0.3273076923076758
0.0308	0.327211538461522
0.0309	0.3270673076922913
0.031	0.3268269230769068
0.031100000000000003	0.3266346153845992
0.031200000000000002	0.3263942307692147
0.0313	0.3262019230769071
0.031400000000000004	0.30937499999999185
0.0315	0.30903846153845355
0.0316	0.30889423076922284
0.0317	0.30865384615383834
0.0318	0.30822115384614623
0.031900000000000005	0.30807692307691553
0.032	0.30802884615383863
0.032100000000000004	0.30783653846153103
0.0322	0.3077403846153772
0.0323	0.3074999999999927
0.0324	0.3072596153846082
0.0325	0.3069711538461468
0.032600000000000004	0.3069711538461468
0.0327	0.3069230769230699
0.0328	0.3066346153846085
0.0329	0.3064423076923009
0.033	0.3061538461538395
0.033100000000000004	0.3061057692307626
0.0332	0.3059615384615319
0.0333	0.3059615384615319
0.0334	0.3058173076923012
0.0335	0.3054807692307629
0.033600000000000005	0.3053365384615322
0.0337	0.3050480769230708
0.033800000000000004	0.3049038461538401
0.0339	0.3046634615384556
0.034	0.3044230769230711
0.0341	0.3043749999999942
0.0342	0.3043269230769173
0.034300000000000004	0.3043269230769173
0.0344	0.3040865384615328
0.0345	0.30389423076922517
0.0346	0.30379807692307137
0.0347	0.30346153846153306
0.034800000000000005	0.30331730769230236
0.0349	0.30298076923076406
0.035	0.30269230769230265
0.0351	0.30249999999999505
0.0352	0.30245192307691815
0.035300000000000005	0.2842307692307728
0.0354	0.2840384615384652
0.035500000000000004	0.2838461538461576
0.0356	0.2835096153846193
0.0357	0.28331730769231167
0.0358	0.28317307692308097
0.0359	0.28302884615385027
0.036000000000000004	0.28288461538461956
0.0361	0.28259615384615816
0.0362	0.28264423076923506
0.0363	0.28235576923077366
0.0364	0.28197115384615845
0.036500000000000005	0.28163461538462015
0.0366	0.28144230769231254
0.0367	0.28144230769231254
0.0368	0.28144230769231254
0.0369	0.28125000000000494
0.037000000000000005	0.28120192307692804
0.0371	0.28100961538462044
0.037200000000000004	0.28062500000000523
0.0373	0.28038461538462073
0.0374	0.2803365384615438
0.0375	0.28024038461539
0.0376	0.2799519230769286
0.037700000000000004	0.2795673076923134
0.0378	0.2794230769230827
0.0379	0.2793269230769289
0.038	0.2789903846153906
0.0381	0.278798076923083
0.038200000000000005	0.2788461538461599
0.0383	0.2787019230769292
0.038400000000000004	0.2785096153846216
0.0385	0.2784134615384678
0.0386	0.278317307692314
0.038700000000000005	0.2780769230769295
0.0388	0.2779807692307757
0.038900000000000004	0.2776442307692374
0.039	0.2774519230769298
0.0391	0.2772115384615453
0.0392	0.2771153846153915
0.0393	0.25394230769232534
0.039400000000000004	0.25384615384617154
0.0395	0.25370192307694084
0.0396	0.25355769230771014
0.0397	0.25341346153847943
0.0398	0.25322115384617183
0.039900000000000005	0.25317307692309493
0.04	0.2529326923077104
0.040100000000000004	0.252644230769249
0.0402	0.2524519230769414
0.0403	0.2521153846154031
0.040400000000000005	0.2520673076923262
0.0405	0.2519711538461724
0.040600000000000004	0.2518269230769417
0.0407	0.2517788461538648
0.0408	0.2515384615384803
0.0409	0.2512980769230958
0.041	0.251201923076942
0.041100000000000005	0.2512500000000189
0.0412	0.2511538461538651
0.0413	0.2511538461538651
0.0414	0.2508653846154037
0.0415	0.2500961538461733
0.041600000000000005	0.249663461538481
0.0417	0.2494711538461733
0.041800000000000004	0.24927884615386559
0.0419	0.24927884615386559
0.042	0.24927884615386559
0.042100000000000005	0.24918269230771173
0.0422	0.24889423076925016
0.042300000000000004	0.24894230769232709
0.0424	0.24875000000001937
0.0425	0.24850961538463473
0.0426	0.2484615384615578
0.0427	0.2481250000000193
0.042800000000000005	0.2481250000000193
0.0429	0.24788461538463466
0.043000000000000003	0.2477884615384808
0.0431	0.24769230769232695
0.0432	0.23682692307694111
0.043300000000000005	0.2366346153846334
0.0434	0.23668269230771033
0.043500000000000004	0.2366346153846334
0.0436	0.2364423076923257
0.0437	0.2362980769230949
0.0438	0.2362980769230949
0.0439	0.2362980769230949
0.044000000000000004	0.23591346153847947
0.0441	0.23572115384617176
0.0442	0.2356250000000179
0.0443	0.23548076923078712
0.0444	0.2350961538461717
0.044500000000000005	0.23500000000001783
0.0446	0.23485576923078705
0.044700000000000004	0.23451923076924855
0.0448	0.23432692307694084
0.0449	0.23418269230771005
0.045000000000000005	0.23413461538463312
0.0451	0.2339423076923254
0.045200000000000004	0.2337500000000177
0.0453	0.23370192307694077
0.0454	0.2336057692307869
0.0455	0.23346153846155612
0.0456	0.23346153846155612
0.045700000000000005	0.23346153846155612
0.0458	0.2334134615384792
0.0459	0.23322115384617148
0.046	0.2330769230769407
0.0461	0.23302884615386377
0.046200000000000005	0.23298076923078684
0.0463	0.23278846153847912
0.046400000000000004	0.23245192307694063
0.0465	0.23230769230770984
0.0466	0.2320673076923252
0.046700000000000005	0.23201923076924827
0.0468	0.23182692307694056
0.046900000000000004	0.2317307692307867
0.047	0.23163461538463284
0.0471	0.22721153846155542
0.0472	0.22697115384617078
0.0473	0.22687500000001692
0.047400000000000005	0.22682692307694
0.0475	0.2264903846154015
0.0476	0.22629807692309378
0.0477	0.226153846153863
0.0478	0.22586538461540143
0.047900000000000005	0.22576923076924757
0.048	0.22572115384617064
0.048100000000000004	0.22562500000001678
0.0482	0.22557692307693986
0.0483	0.22538461538463214
0.048400000000000006	0.22528846153847829
0.0485	0.22519230769232443
0.048600000000000004	0.22500000000001671
0.0487	0.22504807692309364
0.0488	0.22500000000001671
0.0489	0.22495192307693979
0.049	0.22475961538463207
0.049100000000000005	0.2244711538461705
0.0492	0.22423076923078586
0.049300000000000004	0.22399038461540122
0.0494	0.22384615384617043
0.0495	0.22384615384617043
0.049600000000000005	0.2237980769230935
0.0497	0.22375000000001657
0.049800000000000004	0.2236057692307858
0.0499	0.223461538461555
